14349
9009
13876
2595
14646
3338
12601
13837
9009
14132
2595
14647
3338
12601
13325
9009
14135
2595
14647
3338
12601
13325
9009
14131
2595
14647
3338
12601
13325
9009
13880
2595
14647
3338
12601
12557
9009
13879
2595
14647
3338
12601
13581
9009
13876
2595
14647
3338
12601
13837
9009
13877
2595
14647
3338
12601
14349
9009
13881
2595
14646
3338
12601
13837
9009
14132
2595
14646
3338
12601
13837
9009
14134
2595
14646
3338
12601
12813
9009
14136
2595
14647
3338
12601
14093
9009
14135
2595
14647
3338
12601
13325
9009
14133
2595
14647
3338
12601
13581
9009
13880
2595
14647
3338
12601
12813
9009
13877
2595
14647
3338
12601
13837
9009
13879
2595
14647
3338
12601
14349
9009
14131
2595
14646
3338
12601
13837
9009
14134
2595
14646
3338
12601
12557
9009
14137
2595
14646
3338
12601
13069
9009
14134
2595
14647
3338
12601
14093
9009
14129
2595
12601
3338
13360
14093
9012
13365
2595
13878
3338
12598
13069
8992
8240
2595
8224
3338
8224
12301
8992
8240
2595
14134
3338
12598
13837
8992
13360
2595
13108
3338
12601
14349
9010
12343
2595
14649
3338
12848
13581
9010
12597
2595
12337
3338
12848
13325
9010
12597
2595
12337
3338
12848
13069
9010
12594
2595
12337
3338
12848
13581
9010
12342
2595
12337
3338
12848
13325
9010
12336
2595
12337
3338
12848
13325
9010
12340
2595
12336
3338
12848
14093
9010
12594
2595
12336
3338
12848
14093
9010
12597
2595
12336
3338
12848
12557
9010
12600
2595
12336
3338
12848
13581
9010
12599
2595
12337
3338
12848
12557
9010
12596
2595
12337
3338
12848
13837
9010
12343
2595
12337
3338
12848
12813
9010
12336
2595
12337
3338
12848
13581
9010
12338
2595
12337
3338
12848
14093
9010
12342
2595
12336
3338
12848
14093
9010
12593
2595
12336
3338
12848
13837
9010
12597
2595
12336
3338
12848
12301
9010
12600
2595
12336
3338
12848
13325
9010
12599
2595
12337
3338
12848
12301
9010
12599
2595
12337
3338
12848
12557
9010
12594
2595
12337
3338
12848
14093
9010
12344
2595
12337
3338
12848
12813
9010
12338
2595
12337
3338
12848
13325
9010
12338
2595
12337
3338
12848
13837
9010
12340
2595
12336
3338
12848
14093
9010
12345
2595
12336
3338
12848
13837
9010
12595
2595
12336
3338
12848
13581
9010
12597
2595
12336
3338
12848
12301
9010
12599
2595
12336
3338
12848
14093
9010
12599
2595
12337
3338
12848
12813
9010
12598
2595
12337
3338
12848
12813
9010
12595
2595
12337
3338
12848
13581
9010
12344
2595
12337
3338
12848
12301
9010
12340
2595
12337
3338
12848
13325
9009
14649
2595
12337
3338
12848
13837
9010
12341
2595
12337
3338
12848
14349
9010
12593
2595
12336
3338
12848
13837
9010
12595
2595
12336
3338
12848
12813
9010
12598
2595
12336
3338
12848
14349
9010
12599
2595
12337
3338
12848
12813
9010
12597
2595
12337
3338
12848
13069
9010
12345
2595
12337
3338
12848
14605
9010
12340
2595
12337
3338
12848
13325
9010
12338
2595
12337
3338
12848
13837
9010
12344
2595
12336
3338
12848
13837
9010
12595
2595
12336
3338
12848
14605
9010
12598
2595
12336
3338
12848
13325
9010
12598
2595
12337
3338
12848
12813
9010
12592
2595
12337
3338
12848
12301
9010
12341
2595
12337
3338
12848
13069
9010
12339
2595
12337
3338
12848
13837
9010
12345
2595
12336
3338
12848
13837
9010
12596
2595
12336
3338
12848
12557
9010
12598
2595
12336
3338
12848
13837
9010
12598
2595
12337
3338
12848
12813
9010
12596
2595
12337
3338
12848
13069
9010
12592
2595
12337
3338
12848
14093
9010
12341
2595
12337
3338
12848
13069
9010
12338
2595
12337
3338
12848
13069
9010
12342
2595
12336
3338
12848
13837
9010
12595
2595
12336
3338
12848
13581
9010
12596
2595
12336
3338
12848
12301
9010
12598
2595
12336
3338
12848
13325
9010
12597
2595
12337
3338
12848
13069
9010
12593
2595
12337
3338
12848
13581
9010
12340
2595
12337
3338
12848
13069
9010
12337
2595
12337
3338
12848
13837
9010
12339
2595
12337
3338
12848
13837
9010
12593
2595
12336
3338
12848
14093
9010
12597
2595
14649
3338
12848
12301
9010
12599
2595
12336
3338
12848
13069
9010
12600
2595
12337
3338
12848
12301
9010
12596
2595
12337
3338
12848
13325
9010
12342
2595
12337
3338
12848
13069
9009
14649
2595
12337
3338
12848
13837
9010
12338
2595
12337
3338
12848
14349
9010
12594
2595
12336
3338
12848
13837
9010
12596
2595
12336
3338
12848
12301
9010
12599
2595
12337
3338
12848
12813
9010
12598
2595
12337
3338
12848
12557
9010
12593
2595
12337
3338
12848
14349
9010
12339
2595
12337
3338
12848
13069
9010
12337
2595
12337
3338
12848
13837
9010
12342
2595
12336
3338
12848
14093
9010
12595
2595
12336
3338
12848
13325
9010
12597
2595
12336
3338
12848
13581
9010
12600
2595
12337
3338
12848
12301
9010
12598
2595
12337
3338
12848
13069
9010
12342
2595
12337
3338
12848
12813
9010
12337
2595
12337
3338
12848
13581
9010
12337
2595
12336
3338
12848
14093
9010
12345
2595
12336
3338
12848
13837
9010
12597
2595
12336
3338
12848
12301
9010
12598
2595
12336
3338
12848
12813
9010
12599
2595
12337
3338
12848
12813
9010
12595
2595
12337
3338
12848
13581
9010
12342
2595
12337
3338
12848
12557
9010
12337
2595
12337
3338
12848
13581
9010
12337
2595
12337
3338
12848
14093
9010
12344
2595
12336
3338
12848
14093
9010
12595
2595
14649
3338
12848
13325
9010
12596
2595
12336
3338
12848
14605
9010
12598
2595
12336
3338
12848
13325
9010
12598
2595
12337
3338
12848
12301
9010
12598
2595
12337
3338
12848
12301
9010
12595
2595
12337
3338
12848
12813
9010
12592
2595
12337
3338
12848
14093
9010
12341
2595
12337
3338
12848
12813
9010
12337
2595
12337
3338
12848
13325
9010
12336
2595
12337
3338
12848
13581
9010
12337
2595
12337
3338
12848
13837
9010
12340
2595
12336
3338
12848
14093
9010
12344
2595
12336
3338
12848
14349
9010
12594
2595
14649
3338
12848
13325
9010
12595
2595
14649
3338
12848
13325
9010
12597
2595
12336
3338
12848
12557
9010
12597
2595
12336
3338
12848
14093
9010
12599
2595
12336
3338
12848
13069
9010
12599
2595
12337
3338
12601
14605
9010
12596
2595
12337
3338
12601
14605
9010
12595
2595
12337
3338
12848
12557
9010
12592
2595
12337
3338
12848
13581
9010
12343
2595
12337
3338
12848
14605
9010
12338
2595
12337
3338
12848
13581
9009
14649
2595
12337
3338
12848
13325
9010
12336
2595
12337
3338
12848
13581
9010
12338
2595
12336
3338
12848
14093
9010
12343
2595
12336
3338
12848
14349
9010
12595
2595
12336
3338
12848
13581
9010
12595
2595
14649
3338
12848
12557
